#EXAMPLE OF HOW THE TXT FILE (CONTAINING INFO FOR 1(!) OM) OBTAINED FROM ROOT LOOKS LIKE :)

number of hits; energy (kev), bin=10 kev

1 45.000
1 55.000
3 65.000
1 75.000
3 85.000
2 95.000
2 105.000
3 115.000
2 135.000
2 145.000
4 155.000
3 165.000
3 175.000
4 185.000
5 195.000
2 205.000
5 225.000
3 235.000
3 245.000
2 255.000
4 265.000
1 275.000
3 285.000
5 295.000
3 305.000
3 315.000
6 325.000
8 335.000
1 345.000
6 355.000
6 365.000
4 375.000
4 385.000
4 395.000
5 405.000
2 415.000
1 425.000
3 435.000
1 445.000
3 455.000
2 475.000
3 485.000
1 495.000
1 505.000
1 525.000
2 545.000
1 565.000
2 575.000
1 635.000
1 665.000
1 705.000
1 715.000
1 745.000
1 775.000
2 795.000
2 805.000
1 815.000
1 825.000
3 835.000
3 845.000
1 855.000
2 865.000
4 875.000
1 885.000
3 895.000
3 905.000
2 915.000
2 925.000
5 935.000
1 945.000
1 955.000
6 965.000
1 975.000
2 995.000
1 1005.000
2 1025.000
1 1045.000
1 1055.000
2 1065.000
1 1085.000
1 1105.000
